1972 1977 1989 1991 1992 1993 1994 1995 1996 1997 1998 1999 2000 2001 2003 2004 2005 2006 2008 2009
1 NA NA NA NA NA NA NA NA NA NA NA NA NA NA NA NA NA NA NA NA
2 3 3 0 0 0 0 0 0 0 0 0 0 0 0 0 0 0 0 0 0
3 1 3 1 0 0 0 0 0 0 0 0 0 0 0 1 0 0 0 0 0
4 3 7 2 0 1 0 0 0 0 0 2 0 0 0 7 7 0 0 0 0
5 0 1 0 0 0 0 0 0 0 0 0 0 0 0 0 0 0 0 0 0
6 4 2 3 1 0 0 0 0 1 0 0 0 0 0 0 0 0 0 0 0
7 2 1 2 0 0 0 0 0 0 0 0 0 0 0 0 0 0 0 0 0
8 0 0 0 0 0 0 0 0 0 0 0 0 0 0 0 0 0 0 0 0
9 3 0 0 0 0 0 0 0 0 0 0 0 0 0 1 1 0 0 0 0
10 4 0 0 0 0 0 0 0 0 0 0 0 0 0 0 0 0 0 0 0
11 4 0 1 0 0 0 0 0 0 0 0 0 0 0 0 0 0 0 0 0
12 1 0 0 0 0 0 0 0 0 0 0 0 0 0 0 0 0 0 0 0
13 0 0 0 0 0 0 0 0 0 0 0 0 0 0 0 0 0 0 0 0
14 0 0 0 0 0 0 0 0 0 0 0 0 0 0 0 0 0 0 0 0
15 0 0 0 0 0 0 0 0 0 0 0 0 0 0 0 0 0 0 0 0
16 2 0 0 0 0 0 0 0 0 0 0 0 0 0 0 0 0 0 0 0
17 1 0 0 0 1 0 0 0 0 0 0 0 0 0 0 0 0 0 0 0
18 0 0 0 0 0 0 0 0 0 0 0 0 0 0 0 0 0 0 0 0
19 0 1 0 0 0 0 0 1 1 0 0 0 0 0 0 0 0 0 0 0
20 NA NA NA NA NA NA NA NA NA NA NA NA NA NA NA NA NA NA NA NA
21 0 0 0 0 0 0 0 0 0 0 0 0 0 0 0 0 0 0 0 0
22 0 0 0 0 0 0 0 0 0 0 0 0 0 0 0 0 0 0 0 0
23 0 0 1 0 0 0 0 0 0 0 0 0 0 0 0 0 0 0 0 0
24 0 0 0 0 0 0 0 0 0 0 0 0 0 0 0 0 0 0 0 0
25 0 1 0 0 0 0 0 0 0 0 0 0 0 0 0 0 0 0 0 0
26 0 0 0 0 0 0 0 0 0 0 0 0 0 0 0 0 0 0 0 0
27 0 2 0 0 3 0 0 0 0 0 0 1 1 1 0 0 0 0 0 0
28 0 3 0 2 2 0 0 0 0 0 0 0 0 0 0 0 0 0 0 0
29 0 2 0 2 1 0 0 0 0 0 0 0 0 0 0 0 0 0 0 0
30 0 0 0 0 0 0 0 0 0 0 0 0 0 0 0 0 0 0 0 0
31 0 0 0 0 0 0 0 0 0 0 0 0 0 0 0 0 0 0 0 0
32 0 0 0 0 0 1 1 0 0 0 0 0 0 0 0 0 0 0 0 0
33 0 0 0 0 0 0 0 0 0 0 0 0 0 0 0 0 0 0 0 0
34 0 0 0 0 0 0 0 0 0 0 0 0 0 0 0 0 0 0 0 0
35 0 0 0 0 1 0 0 0 0 0 1 0 0 0 1 0 0 0 0 0
36 0 0 0 0 1 0 0 0 0 0 0 0 0 1 0 1 0 0 0 0
37 4 0 0 2 4 3 2 4 2 0 3 2 0 0 2 2 4 1 0 0
38 0 0 0 0 2 2 2 2 2 0 1 0 2 0 1 4 1 0 0 0
39 NA NA NA NA NA NA NA NA NA NA NA NA NA NA NA NA NA NA NA NA
40 3 2 0 1 0 0 0 2 3 0 0 0 0 0 0 0 0 0 0 3
41 4 4 1 0 0 0 0 0 0 0 0 2 0 0 0 2 3 4 2 5
42 4 1 0 0 0 0 0 0 2 2 1 2 2 0 1 4 0 1 0 5
43 3 2 4 3 3 3 2 3 3 4 4 2 0 0 2 4 2 2 3 1
44 10 7 8 6 9 4 3 11 10 10 4 7 4 1 5 14 9 11 8 12
45 1 0 0 0 0 1 0 0 0 0 0 0 0 0 0 0 0 0 0 0
46 1 1 2 5 0 0 0 5 1 3 0 2 0 2 1 3 0 0 0 4
47 1 1 0 0 0 0 0 0 1 1 1 2 0 0 0 3 0 2 0 1
48 3 1 3 2 3 3 3 3 3 2 3 4 2 3 4 5 3 4 2 0
49 4 0 5 4 4 7 5 8 4 2 5 3 7 7 10 11 7 7 9 5
50 1 1 2 1 2 1 1 2 2 2 0 0 0 2 3 3 0 2 0 0
51 1 1 0 0 0 0 0 0 0 0 0 1 1 0 0 0 0 0 0 0
52 0 0 0 0 0 1 0 0 1 0 0 1 0 0 0 0 0 0 0 2
53 NA NA NA NA NA NA NA NA NA NA NA NA NA NA NA NA NA NA NA NA
54 1 1 3 2 3 0 1 2 1 1 2 0 1 2 1 2 0 2 1 1
55 1 1 1 1 2 2 2 2 2 1 1 1 0 0 1 1 1 1 0 1
56 2 1 1 2 0 2 2 2 2 1 2 2 2 0 2 4 1 0 0 1
57 7 9 4 1 1 1 0 3 2 3 0 0 2 3 3 6 6 3 0 0
58 9 9 0 0 2 5 4 0 0 0 0 1 0 1 0 0 0 0 0 0
59 NA NA NA NA NA NA NA NA NA NA NA NA NA NA NA NA NA NA NA NA
60 NA NA NA NA NA NA NA NA NA NA NA NA NA NA NA NA NA NA NA NA
61 7 9 10 10 3 1 2 9 8 3 2 3 3 8 9 14 8 5 11 12
62 6 8 6 11 5 4 1 8 6 5 3 2 4 5 8 13 3 6 6 12
63 2 3 3 3 2 1 2 3 4 0 1 2 0 4 6 5 4 3 0 2
64 NA NA NA NA NA NA NA NA NA NA NA NA NA NA NA NA NA NA NA NA
65 NA NA NA NA NA NA NA NA NA NA NA NA NA NA NA NA NA NA NA NA
66 1 1 1 1 1 0 0 1 1 0 0 3 0 0 0 1 1 1 1 1
67 3 4 5 7 4 2 4 6 5 2 2 2 2 5 7 7 4 4 10 8
68 2 2 3 3 2 3 2 7 5 2 3 3 0 4 0 4 3 4 1 0
69 0 1 0 2 2 1 0 4 1 0 0 1 0 1 2 1 1 0 0 3
70 0 0 0 2 0 0 1 4 1 0 0 2 2 2 3 2 2 2 0 2
71 0 0 0 0 0 0 0 2 1 0 0 1 1 1 1 2 1 2 1 1
72 NA NA NA NA NA NA NA NA NA NA NA NA NA NA NA NA NA NA NA NA
73 8 7 8 6 12 4 2 11 9 3 5 7 4 7 11 14 8 0 16 11
74 5 4 5 4 7 4 3 3 6 5 4 4 1 3 8 10 7 7 10 6
75 NA NA NA NA NA NA NA NA NA NA NA NA NA NA NA NA NA NA NA NA
76 NA NA NA NA NA NA NA NA NA NA NA NA NA NA NA NA NA NA NA NA
77 6 6 7 6 4 4 2 9 7 6 6 4 3 4 4 11 6 3 6 4
78 NA NA NA NA NA NA NA NA NA NA NA NA NA NA NA NA NA NA NA NA
79 NA NA NA NA NA NA NA NA NA NA NA NA NA NA NA NA NA NA NA NA
